0.000000 17.800000 0.000000 72.611406 72.611406 0.000000 5.000000
0.010000 17.825076 0.000000 72.611406 72.611406 0.066887 4.866226
0.020000 17.900203 0.000000 72.611406 72.611406 0.133805 4.732390
0.030000 18.025075 0.000000 72.611406 72.611406 0.200730 4.598541
0.040000 18.199183 0.000000 72.611406 72.611406 0.267634 4.464731
0.050000 18.421813 0.000000 72.611406 72.611406 0.334489 4.331022
0.060000 18.692051 0.000000 72.611406 72.611406 0.401260 4.197481
0.070000 19.008779 0.000000 72.611406 72.611406 0.467906 4.064188
0.080000 19.370679 0.000000 72.611406 72.611406 0.534382 3.931235
0.090000 19.776235 0.000000 72.611406 72.611406 0.600637 3.798727
0.100000 20.223732 0.000000 72.611406 72.611406 0.666609 3.666781
0.110000 20.711262 0.000000 72.611406 72.611406 0.732233 3.535534
0.120000 21.236725 0.000000 72.611406 72.611406 0.797433 3.405135
0.130000 21.797835 0.000000 72.611406 72.611406 0.862125 3.275750
0.140000 22.392120 0.000000 72.611406 72.611406 0.926219 3.147563
0.150000 23.016937 0.000000 72.611406 72.611406 0.989615 3.020771
0.160000 23.669469 0.000000 72.611406 72.611406 1.052207 2.895587
0.170000 24.346739 0.000000 72.611406 72.611406 1.113881 2.772238
0.180000 25.045620 0.000000 72.611406 72.611406 1.174518 2.650965
0.190000 25.762839 0.000000 72.611406 72.611406 1.233992 2.532017
0.200000 26.494996 0.000000 72.611406 72.611406 1.292173 2.415654
0.210000 27.238575 0.000000 72.611406 72.611406 1.348928 2.302144
0.220000 27.989958 0.000000 72.611406 72.611406 1.368092 2.263816
0.230000 28.745440 0.000000 72.611406 72.611406 1.376255 2.247491
0.240000 29.501249 0.000000 72.611406 72.611406 1.384430 2.231141
0.250000 30.253563 0.000000 72.611406 72.611406 1.392584 2.214833
0.260000 30.998532 0.000000 72.611406 72.611406 1.400684 2.198631
0.270000 31.732294 0.000000 72.611406 72.611406 1.408699 2.182601
0.280000 32.451005 0.000000 72.611406 72.611406 1.416597 2.166807
0.290000 33.150853 0.000000 72.611406 72.611406 1.424345 2.151310
0.300000 33.828087 0.000000 72.611406 72.611406 1.431914 2.136172
0.310000 34.479041 0.000000 72.611406 72.611406 1.439274 2.121451
0.320000 35.100155 58.309994 72.611406 72.611406 1.446397 2.107206
0.330000 35.688000 58.918596 72.611406 72.611406 1.453255 2.093490
0.340000 36.239303 60.539838 72.611406 72.611406 1.459821 2.080357
0.350000 36.750970 61.164851 72.611406 72.611406 1.466071 2.067857
0.360000 37.220108 61.775124 72.611406 72.611406 1.471981 2.056038
0.370000 37.644045 62.370528 72.611406 72.611406 1.477528 2.044943
0.380000 38.020352 62.950916 72.611406 72.611406 1.482692 2.034615
0.390000 38.346863 63.516128 72.611406 72.611406 1.487454 2.025092
0.400000 38.621687 64.065995 72.611406 72.611406 1.491796 2.016409
0.410000 38.843227 64.600340 72.611406 72.611406 1.495702 2.008596
0.420000 39.010192 65.118984 72.611406 72.611406 1.499159 2.001682
0.430000 39.121606 65.621743 72.611406 72.611406 1.502154 1.995692
0.440000 39.176817 66.108436 72.611406 72.611406 1.504678 1.990644
0.450000 39.183247 66.578888 72.611406 72.611406 1.506722 1.986557
0.460000 39.183247 67.032930 72.611406 72.611406 1.508279 1.983441
0.470000 39.183247 67.470403 72.611406 72.611406 1.509347 1.981307
0.480000 39.183247 67.891163 72.611406 72.611406 1.509853 1.980294
0.490000 39.183247 68.295083 72.611406 72.611406 1.509853 1.980294
0.500000 39.183247 68.682057 72.611406 72.611406 1.509853 1.980294
0.510000 39.183247 69.052001 72.611406 72.611406 1.509853 1.980294
0.520000 39.183247 69.404858 72.611406 72.611406 1.509853 1.980294
0.530000 39.183247 69.740600 72.611406 72.611406 1.509853 1.980294
0.540000 39.183247 70.059234 72.611406 72.611406 1.509853 1.980294
0.550000 39.183247 70.360800 72.611406 72.611406 1.509853 1.980294
0.560000 39.183247 70.645374 72.611406 72.611406 1.509853 1.980294
0.570000 39.183247 70.913075 72.611406 72.611406 1.509853 1.980294
0.580000 39.183247 71.164062 72.611406 72.611406 1.509853 1.980294
0.590000 39.183247 71.398536 72.611406 72.611406 1.509853 1.980294
0.600000 39.183247 71.616742 72.611406 72.611406 1.509853 1.980294
0.610000 39.183247 71.818971 72.611406 72.611406 1.509853 1.980294
0.620000 39.183247 72.005557 72.611406 72.611406 1.509853 1.980294
0.630000 39.183247 72.176880 72.611406 72.611406 1.509853 1.980294
0.640000 39.183247 72.333360 72.611406 72.611406 1.509853 1.980294
0.650000 39.183247 72.475462 72.611406 72.611406 1.509853 1.980294
0.660000 39.183247 72.603691 72.611406 72.611406 1.509853 1.980294
0.670000 39.183247 72.718587 72.611406 72.718587 1.509853 1.980294
0.680000 39.183247 72.820728 72.611406 72.820728 1.509853 1.980294
0.690000 39.183247 72.910722 72.611406 72.910722 1.509853 1.980294
0.700000 39.183247 72.989208 72.611406 72.989208 1.509853 1.980294
0.710000 39.183247 73.056847 72.611406 73.056847 1.509853 1.980294
0.720000 39.183247 73.114322 72.611406 73.114322 1.509853 1.980294
0.730000 39.183247 73.162333 72.611406 73.162333 1.509853 1.980294
0.740000 39.183247 73.201592 72.611406 73.201592 1.509853 1.980294
0.750000 39.183247 73.232818 72.611406 73.232818 1.509853 1.980294
0.760000 39.183247 73.256734 72.611406 73.256734 1.509853 1.980294
0.770000 39.183247 73.274063 72.611406 73.274063 1.509853 1.980294
0.780000 39.183247 73.285521 72.611406 73.285521 1.509853 1.980294
0.790000 39.183247 73.291815 72.611406 73.291815 1.509853 1.980294
0.800000 39.183247 73.293643 72.611406 73.293643 1.509853 1.980294
0.810000 39.183247 73.293643 72.611406 73.293643 1.509853 1.980294
0.820000 39.183247 73.293643 72.611406 73.293643 1.509853 1.980294
0.830000 39.183247 73.293643 72.611406 73.293643 1.509853 1.980294
0.840000 39.183247 73.293643 72.611406 73.293643 1.509853 1.980294
0.850000 39.183247 73.293643 72.611406 73.293643 1.509853 1.980294
0.860000 39.183247 73.293643 72.611406 73.293643 1.509853 1.980294
0.870000 39.183247 73.293643 72.611406 73.293643 1.509853 1.980294
0.880000 39.183247 73.293643 72.611406 73.293643 1.509853 1.980294
0.890000 39.183247 73.293643 72.611406 73.293643 1.509853 1.980294
0.900000 39.183247 73.293643 72.611406 73.293643 1.509853 1.980294
0.910000 39.183247 73.293643 72.611406 73.293643 1.509853 1.980294
0.920000 39.183247 73.293643 72.611406 73.293643 1.509853 1.980294
0.930000 39.183247 73.293643 72.611406 73.293643 1.509853 1.980294
0.940000 39.183247 73.293643 72.611406 73.293643 1.509853 1.980294
0.950000 39.183247 73.293643 72.611406 73.293643 1.509853 1.980294
0.960000 39.183247 73.293643 72.611406 73.293643 1.509853 1.980294
0.970000 39.183247 73.293643 72.611406 73.293643 1.509853 1.980294
0.980000 39.183247 73.293643 72.611406 73.293643 1.509853 1.980294
0.990000 39.183247 73.293643 72.611406 73.293643 1.509853 1.980294
